.Random.seed <-
c(403L, 10L, 2002324345L, -1090990648L, 962613750L, 738436145L, 
-925976989L, 1835264562L, 1098258308L, -1285093945L, 642976925L, 
1732299796L, -1598117190L, -1910035707L, -1970310945L, -1353004698L, 
238796016L, -132945901L, 1514618289L, -21440416L, -1068485122L, 
822165897L, -1916209477L, 25014922L, -1517154964L, 173988591L, 
727721253L, -1493527588L, -1668947534L, 618479789L, 103305319L, 
-865503346L, 546455656L, 801426539L, 1251759625L, -1771368L, 
-1172905018L, -887523551L, -1500130381L, 1984600866L, 2044726548L, 
298057111L, 737371533L, -1678172L, 1869350538L, 1129626869L, 
1603150671L, -1030669226L, -1087422720L, 1445124675L, -1191624223L, 
166577488L, -968090706L, -1074308775L, -422516885L, -1566935334L, 
2015303580L, 101346207L, 1591448053L, 1506075788L, -40940190L, 
-1365245635L, -36001353L, -1049997730L, -744257640L, 1129654011L, 
1470713497L, -1705281752L, -1788097066L, 1918726737L, 1594730755L, 
-1554103150L, 1251498532L, -1306196761L, 1796528445L, 1904766388L, 
2034151962L, -1215325851L, 1960241151L, -1172480378L, -581515760L, 
258243763L, -734226607L, 420485888L, -1631551010L, -947631575L, 
161450459L, 746141418L, 1225028748L, -1737802801L, -1441999995L, 
760414268L, 178262290L, 1377728013L, -1596340921L, -604385490L, 
1493779080L, 94725003L, 1425519465L, 1238396216L, 105045990L, 
1745655681L, -314101997L, -1551148862L, 1158722420L, -1777705097L, 
1118013549L, 1206904580L, -339266006L, -1452983403L, -1527087057L, 
-1407092426L, -2046338720L, 1750226851L, -1651048255L, -1809264464L, 
1077977038L, 2028909369L, 795892555L, 1640100090L, -1986196996L, 
-434525633L, 1884610325L, 699206700L, -131820286L, -768311843L, 
-1357390633L, -918632514L, -1434455560L, 2118223323L, 320105529L, 
1986633096L, 105576758L, -748559503L, -366378589L, 1706351858L, 
1961795652L, -1492217081L, -1654930723L, -170406956L, -1313436934L, 
8293957L, 1911486111L, 320498726L, 1282148528L, 881611091L, -1043305359L, 
256438688L, -2050978498L, 203410505L, -7288581L, 1031446730L, 
-233875924L, -454784465L, 53379813L, 628160412L, -221257230L, 
-1820504979L, 769777063L, -997324850L, 135398696L, -2131609813L, 
-274449079L, -687005096L, -606209274L, 74716897L, -2048294285L, 
1458154210L, -270084524L, -534093993L, -218541235L, -1102047516L, 
-97773878L, 1484543797L, -2087854705L, -1680565610L, 185758272L, 
-1230048509L, 2068210465L, 738984976L, 171746286L, -1086024807L, 
265776171L, 63969562L, 428415964L, 746937823L, 1811597749L, 769820492L, 
-429982302L, -313070339L, -1959300617L, -1540751586L, 1681744344L, 
-1803052229L, -1382683431L, 306782312L, -1783495274L, 1574206737L, 
1697926851L, 1369181906L, -1898506396L, 308071079L, 1082561533L, 
-372136460L, 1014981338L, 1090081829L, -1070573249L, -28156218L, 
-1825950896L, 1627245427L, 287726993L, 1175502784L, -593454690L, 
-1569553559L, -1110681701L, -1470071126L, 10508492L, -1658148465L, 
-227025467L, -327810692L, -1793617454L, -1524421299L, -719089657L, 
1858600942L, -1364441400L, 1042364875L, 618376233L, 1884486264L, 
-903059546L, 496228738L, 65850600L, 1801736940L, -780936900L, 
-1379027854L, -1191190928L, 1664198180L, 593619000L, 2114499866L, 
-584183600L, -668738244L, 463413140L, -286318718L, 1081057216L, 
881100348L, 452045200L, 1235076130L, 422131976L, -67865460L, 
-1287339236L, -144607086L, -1135416960L, -2091566060L, -819208408L, 
211084858L, 1341518288L, -230035092L, -621332556L, 619568658L, 
998622176L, 85198284L, -1786813216L, 1281822754L, 958273320L, 
-112691700L, 1144189756L, -1640729614L, -1047295248L, 2113481284L, 
-21445032L, 1750456122L, 816428016L, 832014012L, -817732332L, 
1115607234L, 843562080L, -8537732L, -1236297776L, -1725138654L, 
-1266274648L, -871064692L, 561888444L, -1875091662L, 47702592L, 
2070152372L, -2085780408L, 1636866490L, -971178480L, -980547348L, 
414341460L, -1026640110L, 1059919264L, -1498219828L, -974178720L, 
64692162L, 2085880616L, -1233367636L, -527969988L, 719454066L, 
2135097648L, 789720868L, 1744635192L, 638556890L, -1917859952L, 
1059869436L, 501804948L, 1461086274L, 455695616L, -1941541828L, 
-1153151664L, -318728030L, -1312573624L, -146696436L, 1070926556L, 
1073640274L, -1245310336L, 1933621332L, 1966377960L, -1078184198L, 
-879392432L, 1080410924L, -180205708L, -717356142L, 880375392L, 
99929996L, -124062880L, 940328930L, -715112536L, 1553472716L, 
-783987204L, -1138226254L, 1174301168L, 1008150980L, 1738744152L, 
312927610L, -1726033488L, -1094144068L, 1905070164L, -1490959422L, 
165454880L, -220005188L, -1703470512L, -78872606L, 259847784L, 
764058188L, -1820983044L, 1071976434L, -1991082752L, -787654796L, 
1642168328L, 690390458L, -109494832L, -1587469332L, 892821396L, 
-1218749486L, 253630304L, -1974893236L, -1552569056L, 1131430786L, 
-1996449048L, 740205804L, 105146940L, -1348498574L, -526898576L, 
303183908L, 1516554040L, -789910374L, 140366544L, -123002692L, 
-505751916L, 1671685762L, -1414087488L, 1708224828L, -1460236144L, 
-592451038L, -1996257784L, -2078293748L, -134745444L, -1669198318L, 
-1250030208L, -1815699948L, 1746146856L, 502654266L, -38811696L, 
-647818644L, 2131355444L, 1353679506L, 743070048L, 1069166924L, 
155553760L, -1949089886L, 257677224L, -51532916L, -1154668868L, 
-1767601294L, -1463330576L, -499926972L, 1638735192L, -1617701830L, 
704521072L, -1891302340L, -1352381676L, -357815870L, 523870432L, 
680941436L, 609722064L, 246564514L, -890764248L, 1817200908L, 
508277692L, 514932018L, -385966144L, 382997044L, -446407736L, 
197313722L, -965668976L, -2038860308L, 1035747412L, -1966195054L, 
808516384L, 1979952588L, 355818464L, -1735032126L, -1370809816L, 
-391602516L, -1481182532L, 1710510578L, -234108624L, -819393372L, 
-789544264L, 1023142746L, 2023230864L, 2137174396L, -1883894508L, 
-397039294L, 269353728L, -1626367044L, -178439344L, 2116223266L, 
-693412536L, -1363249140L, 1857763420L, -120085294L, 124602368L, 
1343650644L, 1097015784L, -811362310L, 1618810576L, -1074338516L, 
38930676L, -595933294L, -1436681120L, -1169523444L, -838646048L, 
1461181794L, -459750744L, -1483515316L, -1834475713L, 427262345L, 
-1933114978L, -594446260L, 1993929245L, -1765154905L, -82349360L, 
1376126062L, -1534158053L, -351595395L, 1084615274L, 1477516040L, 
611726257L, 756069411L, -494953180L, 1263573458L, -312636889L, 
1956025457L, 691718838L, -133835180L, 135494373L, -2119239953L, 
363938344L, -651336058L, -1578970957L, 1938785813L, 917153906L, 
-2139245376L, -1326888663L, 1126354843L, -100759444L, -2051711878L, 
-100235857L, 1249150137L, 1227312846L, 1977355292L, 1498034061L, 
-1703695881L, -205783808L, -1412719778L, -679629781L, 1321370413L, 
-1229885542L, -789881512L, -1310748479L, 1315581811L, 847033492L, 
-238010078L, 268410935L, -1269083903L, 631235590L, 991191620L, 
1864813429L, 237792991L, -631367112L, -2106666474L, -1816869341L, 
-1938533915L, 1245700098L, 1822816880L, 1453092889L, 1047603723L, 
2055201020L, -1777812182L, -1491803297L, 1609429737L, 1369086462L, 
-1006049812L, -222128835L, 2072304903L, -1603552016L, 1032921230L, 
-1287824709L, -18107747L, -621509046L, 831237224L, -671882159L, 
1358286659L, 1344232004L, -1753048846L, 1035756743L, -1950163311L, 
1091821590L, 1883867764L, -1787474683L, -925334705L, -84325048L, 
1366802662L, 427054611L, -475690635L, -939815598L, -583279200L, 
2099711113L, 96566459L, -281759988L, -2108045670L, -1894966257L, 
-545957799L, -1798515474L, -2090201220L, 1570274285L, 197608599L, 
-580841632L, 1725785918L, -373696501L, -1784545139L, 1020311994L, 
1512388600L, 427750305L, 981765459L, 718095476L, -1246415358L, 
625698967L, 365664865L, -1780165978L, -1590494556L, -626569387L, 
-807185409L, 37843608L, 676534198L, -1655169981L, -1448782459L, 
1648971298L, 1101739280L, 327029945L, 1553496427L, 923179100L, 
-58944118L, -795479681L, -2113377079L, -170143394L, 461324812L, 
1729013213L, -1558692633L, -296466160L, 2075228206L, 2014740187L, 
12425149L, 1697165610L, -1262930488L, -330306831L, -2066029469L, 
-297828252L, -37008494L, 68034663L, -477626319L, 819138934L, 
